0.088838317183 0.000000000000 0.176326980708
0.089501992541 0.001444606795 0.175078755829
0.090209225682 0.002932778338 0.173837613195
0.090961028055 0.004465886220 0.172603731327
0.091758442319 0.006045327299 0.171377279404
0.092602541961 0.007672518645 0.170158413131
0.093494513998 0.009348978655 0.168947222364
0.094435666250 0.011076289397 0.167743687033
0.095401641218 0.012810604710 0.166577241085
0.096382599762 0.014534887021 0.165458890931
0.097378142782 0.016249235603 0.164388168403
0.098387787830 0.017953583608 0.163364768929
0.099411041056 0.019647879480 0.162388401259
0.100447387818 0.021332011993 0.161458839763
0.101496351058 0.023006022331 0.160575761902
0.102557429534 0.024669847715 0.159738942935
0.103630129378 0.026323442268 0.158948162772
0.104713964232 0.027966772269 0.158203209509
0.105808455783 0.029599814431 0.157503880751
0.106913134378 0.031222555323 0.156849984154
0.108027539606 0.032834991187 0.156241337689
0.109151220816 0.034437127898 0.155677769840
0.110283737568 0.036028980959 0.155159119793
0.111424660036 0.037610575483 0.154685237652
0.112573569348 0.039181946162 0.154255984676
0.113730057891 0.040743137220 0.153871233546
0.114893729575 0.042294202343 0.153530868654
0.116064200060 0.043835204600 0.153234786408
0.117241096964 0.045366216346 0.152982895566
0.118424060027 0.046887319119 0.152775117573
0.119612741270 0.048398603530 0.152611386928
0.120806805121 0.049900169137 0.152491651558
0.122005928522 0.051392124331 0.152415873206
0.123209801020 0.052874586195 0.152384027846
0.124418124844 0.054347680378 0.152396106095
0.125630614957 0.055811540955 0.152452113659
0.126846999106 0.057266310288 0.152552071786
0.128067017848 0.058712138881 0.152696017737
0.129290424572 0.060149185235 0.152884005276
0.130516985499 0.061577615700 0.153116105185
0.131746479688 0.062997604323 0.153392405787
0.132978699012 0.064409332694 0.153713013499
0.134213448145 0.065812989791 0.154078053408
0.135450544524 0.067208771820 0.154487669862
0.136689818314 0.068596882048 0.154942027093
0.137931112365 0.069977530644 0.155441309861
0.139174282156 0.071350934501 0.155985724126
0.140419195742 0.072717317061 0.156575497748
0.141665733691 0.074076908136 0.157210881210
0.142913789014 0.075429943715 0.157892148373
0.144163267097 0.076776665766 0.158619597262
0.145414085625 0.078117322021 0.159393550869
0.146666174498 0.079452165756 0.160214357993
0.147919475749 0.080781455538 0.161082394088
0.149173943452 0.082105454952 0.161998062136
0.150429543624 0.083424432288 0.162961793511
0.151686254119 0.084738660173 0.163974048836
0.152944064510 0.086048415132 0.165035318781
0.154202975958 0.087353977027 0.166146124769
0.155463001054 0.088655628340 0.167307019512
0.156724182770 0.089953740428 0.168518702297
0.157986543358 0.091248545468 0.169781724364
0.159250130736 0.092540341706 0.171096754625
0.160515004059 0.093829430409 0.172464501383
0.161781233570 0.095116115539 0.173885714016
0.163048900407 0.096400703335 0.175361184728
0.164318096328 0.097683501669 0.176891750133
0.165588923281 0.098964818682 0.178478292033
0.166861492617 0.100244959193 0.180121735111
0.168135923429 0.101524213708 0.181823033707
0.169412356113 0.102803000663 0.183583387802
0.170690919427 0.104081581428 0.185403828812
0.171971749642 0.105360315432 0.187285602821
0.173249225017 0.106634004490 0.189211757704
0.174505709600 0.107885643491 0.191125111094
0.175741373159 0.109115692684 0.193025260255
0.176956317536 0.110324556675 0.194911704169
0.178150821483 0.111512779473 0.196784312159
0.179325021179 0.112680789000 0.198642710536
0.180479069583 0.113829023491 0.200486586464
0.181613120711 0.114957918471 0.202315656778
0.182727325713 0.116067903147 0.204129659360
0.183821832036 0.117159399284 0.205928350425
0.184896783453 0.118232820797 0.207711503461
0.185952320343 0.119288573565 0.209478908656
0.186988580030 0.120327055331 0.211230372471
0.188005697149 0.121348655641 0.212965717254
0.189003803997 0.122353755810 0.214684780866
0.189983030877 0.123342728900 0.216387416308
0.190943506427 0.124315939722 0.218073491340
0.191885357935 0.125273744847 0.219742888101
0.192808711636 0.126216492632 0.221395502718
0.193713692996 0.127144523264 0.223031244923
0.194600426978 0.128058168805 0.224650037656
0.195469038291 0.128957753262 0.226251816674
0.196319651626 0.129843592657 0.227836530157
0.197152391873 0.130715995108 0.229404138311
0.197967384322 0.131575260926 0.230954612975
0.198764754851 0.132421682712 0.232487937229
0.199544630094 0.133255545467 0.234004105001
0.200307137600 0.134077126704 0.235503120680
0.201052405971 0.134886696572 0.236984998727
0.201780564990 0.135684517980 0.238449763294
0.202491745730 0.136470846732 0.239897447845
0.203186080654 0.137245931659 0.241328094777
0.203863703701 0.138010014762 0.242741755058
0.204524750356 0.138763331353 0.244138487854
0.205169357711 0.139506110203 0.245518360171
0.205797664512 0.140238573688 0.246881446504
0.206409811198 0.140960937940 0.248227828487
0.207005939922 0.141673412997 0.249557594548
0.207586194575 0.142376202958 0.250870839580
0.208150720783 0.143069506131 0.252167664605
0.208699665910 0.143753515192 0.253448176460
0.209233179042 0.144428417332 0.254712487474
0.209751410973 0.145094394411 0.255960715169
0.210254514170 0.145751623111 0.257192981952
0.210742642744 0.146400275082 0.258409414828
0.211215952409 0.147040517094 0.259610145114
0.211674600430 0.147672511185 0.260795308157
0.212118745577 0.148296414800 0.261965043070
0.212548548060 0.148912380941 0.263119492465
0.212964169476 0.149520558301 0.264258802201
0.213365772733 0.150121091410 0.265383121138
0.213753521985 0.150714120762 0.266492600894
0.214127582561 0.151299782957 0.267587395615
0.214488120881 0.151878210821 0.268667661752
0.214835304386 0.152449533542 0.269733557844
0.215169301450 0.153013876791 0.270785244307
0.215490281302 0.153571362842 0.271822883235
0.215798413940 0.154122110689 0.272846638203
0.216093870047 0.154666236167 0.273856674081
0.216376820903 0.155203852055 0.274853156853
0.216647438302 0.155735068194 0.275836253445
0.216905894460 0.156259991583 0.276806131558
0.217152361936 0.156778726488 0.277762959508
0.217387013538 0.157291374540 0.278706906072
0.217610022241 0.157798034828 0.279638140346
0.217821529963 0.158298907190 0.280556821360
0.218021736567 0.158793991112 0.281463129299
0.218210814579 0.159283379437 0.282357233402
0.218388936328 0.159767162857 0.283239302706
0.218556273857 0.160245430007 0.284109505929
0.218712998846 0.160718267530 0.284968011362
0.218859282532 0.161185760164 0.285814986765
0.218995295635 0.161647990805 0.286650599265
0.219121208281 0.162105040578 0.287475015266
0.219237189929 0.162556988907 0.288288400359
0.219343409304 0.163003913571 0.289090919236
0.219440034325 0.163445890772 0.289882735616
0.219527232040 0.163882995187 0.290664012165
0.219605168566 0.164315300026 0.291434910432
0.219674009020 0.164742877084 0.292195590779
0.219733917469 0.165165796791 0.292946212322
0.219785056865 0.165584128261 0.293686932873
0.219827588998 0.165997939334 0.294417908888
0.219861674440 0.166407296625 0.295139295417
0.219887472497 0.166812265559 0.295851246058
0.219905141164 0.167212910416 0.296553912912
0.219914837077 0.167609294362 0.297247446551
0.219916715475 0.168001479489 0.297931995975
0.219910930157 0.168389526846 0.298607708584
0.219897633449 0.168773496472 0.299274730145
0.219876976165 0.169153447424 0.299933204770
0.219849107577 0.169529437806 0.300583274887
0.219814175385 0.169901524796 0.301225081222
0.219772325687 0.170269764673 0.301858762777
0.219723702956 0.170634212838 0.302484456817
0.219668450013 0.170994923837 0.303102298854
0.219606708009 0.171351951385 0.303712422636
0.219538616404 0.171705348382 0.304314960134
0.219464312948 0.172055166937 0.304910041539
0.219383933667 0.172401458381 0.305497795251
0.219297612849 0.172744273290 0.306078347878
0.219205483032 0.173083661495 0.306651824232
0.219107674992 0.173419672101 0.307218347330
0.219004317738 0.173752353502 0.307778038389
0.218895538501 0.174081753392 0.308331016837
0.218781462730 0.174407918783 0.308877400306
0.218662214089 0.174730896012 0.309417304646
0.218537914455 0.175050730756 0.309950843925
0.218408683913 0.175367468047 0.310478130436
0.218274640760 0.175681152274 0.310999274708
0.218135901503 0.175991827204 0.311514385515
0.217992580865 0.176299535985 0.312023569883
0.217844791785 0.176604321160 0.312526933102
0.217692598964 0.176906328761 0.313024566488
0.217536153809 0.177205502634 0.313516584930
0.217375563632 0.177501884065 0.314003088600
0.217210933974 0.177795513782 0.314484175992
0.217042368619 0.178086431953 0.314959943937
0.216869969602 0.178374678202 0.315430487614
0.216693837220 0.178660291609 0.315895900572
0.216514070043 0.178943310718 0.316356274742
0.216330764927 0.179223773546 0.316811700457
0.216144017027 0.179501717582 0.317262266463
0.215953919811 0.179777179800 0.317708059944
0.215760565075 0.180050196659 0.318149166536
0.215564042956 0.180320804110 0.318585670346
0.215364441950 0.180589037600 0.319017653968
0.215161848925 0.180854932080 0.319445198505
