-0.069657092940 0.474002969374 -0.877763678006
-0.582290524672 -0.482762061883 0.654124251564
0.053352264873 -0.946610219748 0.317934942561
0.108710424184 -0.529839334587 0.841101850669
-0.800827415477 0.592029631554 0.090423260189
0.757642510616 -0.422023815431 0.497869184943
-0.732131649051 0.486279989920 0.476985345542
0.692223782285 -0.014489444548 -0.721537449642
0.904744852642 0.080773543762 0.418225281691
-0.208362632702 -0.383945851237 0.899539102325
-0.354107686272 -0.934742672203 -0.029391891508
0.721313278296 -0.664710008632 -0.194596400219
-0.566347991605 0.748042098496 0.345952267348
-0.283781844228 0.437104574532 -0.853467899695
-0.414099430676 -0.729128989108 -0.544878499077
0.407394931181 -0.204516725677 0.890057458239
0.229006468886 0.354997375382 0.906384521426
0.200093509803 -0.678921604577 -0.706419168889
-0.847269090219 0.082315453625 -0.524746848350
0.967164819221 0.045042643514 -0.250126713339
-0.599528590406 -0.551535138154 0.579977982917
0.996833947772 0.030294834077 0.073513968726
-0.428594868468 0.532366594549 -0.729994690207
0.734412861716 0.048170461921 -0.676991399609
-0.992002759204 0.107202046664 0.066620169036
-0.803752494693 -0.504047796354 0.316097684688
0.717928937368 -0.452205066024 0.529233992817
0.936963402657 -0.257336557992 0.236384174602
0.113408747747 -0.487603188533 -0.865668288935
-0.092747164596 -0.631844546949 -0.769526108686
0.445685315856 0.824343976459 0.349029522685
0.388108978465 0.823784285814 0.413220124485
-0.138183642058 -0.344286900832 -0.928639763839
-0.623675860125 0.451762595171 0.637917689911
-0.164266932162 0.833617799481 0.527349731570
0.009287419732 -0.321822101151 -0.946754603393
-0.876092491054 -0.251700568275 0.411228368489
0.643843916372 -0.010085793491 0.765090379053
-0.733001428696 -0.329368998955 -0.595168016661
-0.775232508121 0.027459489900 0.631078865726
-0.083315790157 -0.202604281233 -0.975709989872
0.084923917607 -0.837065374108 0.540471541977
-0.115293696909 -0.447455106074 -0.886843442498
0.165256873942 0.985596503863 0.035912354240
-0.462486845343 -0.074666746143 0.883476538967
-0.436275112169 -0.783701751288 0.442126216742
0.928103197164 -0.192103794426 -0.318936651359
-0.969066252774 -0.246081144803 -0.018832628756
-0.791621027317 -0.150492192685 -0.592189369248
-0.423987051080 -0.572679464132 -0.701621843929
0.873376218795 0.485176857959 -0.042630938819
0.690986672580 0.530161311272 0.491392310021
0.877908356484 -0.415370668942 0.238210253763
0.757284990996 -0.511624691838 -0.405905921507
-0.967004876023 0.234385723852 0.099824356760
0.525814953987 -0.671012189534 0.522743986729
0.218035303544 -0.004338830127 -0.975931237824
-0.339358053790 -0.155052141182 0.927790356084
-0.322288692843 0.942937854644 -0.083655249352
-0.887213311971 -0.276275767658 -0.369491866307
-0.124087986561 -0.008259129120 -0.992236845908
-0.694416693204 0.144364404634 -0.704942816741
0.002697858164 0.721834471746 -0.692060486489
-0.946384537473 0.084010133000 0.311927242775
-0.197093180196 0.036064638417 0.979721195124
0.000940819782 -0.934831648756 0.355089993302
-0.602567104479 -0.583974318598 0.543954850900
0.615411178581 -0.720662748662 0.319240166597
-0.179710613871 -0.118686728852 0.976533438064
0.807950937982 0.178637579028 0.561519275870
0.017781987633 -0.224580227142 -0.974293345196
0.540324445704 0.658307551160 -0.524099858290
0.854859838433 0.335013282956 0.396207971749
0.442902918672 0.663103474002 0.603432504427
0.560865511172 -0.490442881032 0.667004991602
0.241093149768 -0.265893386166 -0.933367451933
0.443617064462 0.612687312545 -0.654078097145
0.397044188969 0.771003992633 0.497904363658
-0.281807717819 -0.212760961654 -0.935583872976
0.181051484364 -0.000662790994 0.983473396040
-0.340100492648 -0.223483610757 -0.913447716415
-0.128754163058 0.736217691438 0.664383832065
0.426298532920 -0.874866379334 0.229952993329
0.713519634069 0.462431913518 -0.526352027789
0.018613512383 0.985894737533 0.166328300841
0.765048846804 -0.376152230714 -0.522694711406
0.073538534702 -0.139880936004 0.987433748490
-0.418098069839 0.892962091540 -0.166771421620
-0.934986290133 0.266246561728 -0.234336095450
0.446645531966 -0.894578773823 -0.015381358840
0.800520430782 0.519133292994 -0.299445594401
0.520643948078 -0.415466004991 -0.745867198653
0.491012037869 -0.801074088842 -0.342326573397
0.664082733956 0.243022574223 -0.707060217294
-0.456060492880 -0.207963327228 0.865309240308
-0.501215497835 0.367705187748 0.783310870366
-0.812247842268 -0.474831902854 -0.338803935577
-0.501603849404 0.215773629061 -0.837756121592
-0.699747134418 -0.236082218835 0.674254502264
0.657024569134 -0.404646888685 -0.636065728546
